1.457199999999999989e+02 2.999999999999999889e-02 -2.700000000000000178e-01
1.462800000000000011e+02 2.000000000000000042e-02 -2.899999999999999800e-01
1.464799999999999898e+02 8.000000000000000167e-02 -2.899999999999999800e-01
1.463400000000000034e+02 7.000000000000000666e-02 -2.999999999999999889e-01
1.458899999999999864e+02 1.000000000000000056e-01 -2.600000000000000089e-01
1.458000000000000114e+02 2.000000000000000042e-02 -2.899999999999999800e-01
1.464300000000000068e+02 0.000000000000000000e+00 -2.899999999999999800e-01
1.459799999999999898e+02 2.999999999999999889e-02 -2.899999999999999800e-01
1.462199999999999989e+02 4.000000000000000083e-02 -2.600000000000000089e-01
1.463499999999999943e+02 2.000000000000000042e-02 -2.899999999999999800e-01
1.459199999999999875e+02 4.000000000000000083e-02 -2.899999999999999800e-01
1.450800000000000125e+02 1.000000000000000056e-01 -2.099999999999999922e-01
1.462500000000000000e+02 2.999999999999999889e-02 -2.999999999999999889e-01
1.454099999999999966e+02 0.000000000000000000e+00 -2.800000000000000266e-01
1.447599999999999909e+02 1.000000000000000021e-02 -2.899999999999999800e-01
1.458000000000000114e+02 5.000000000000000278e-02 -2.800000000000000266e-01
