1.466299999999999955e+02 1.000000000000000021e-02 -1.799999999999999933e-01
1.462299999999999898e+02 2.999999999999999889e-02 -1.199999999999999956e-01
1.462800000000000011e+02 1.100000000000000006e-01 -1.600000000000000033e-01
1.464699999999999989e+02 2.000000000000000042e-02 -2.099999999999999922e-01
1.459099999999999966e+02 2.000000000000000042e-02 -1.300000000000000044e-01
1.465600000000000023e+02 7.000000000000000666e-02 -2.000000000000000111e-01
1.463100000000000023e+02 1.000000000000000056e-01 -1.300000000000000044e-01
1.474399999999999977e+02 2.000000000000000042e-02 -1.900000000000000022e-01
1.475300000000000011e+02 2.000000000000000042e-02 -8.999999999999999667e-02
1.464199999999999875e+02 1.000000000000000021e-02 -1.199999999999999956e-01
1.474000000000000057e+02 2.000000000000000042e-02 -1.100000000000000006e-01
1.465800000000000125e+02 8.999999999999999667e-02 -1.300000000000000044e-01
1.468100000000000023e+02 1.000000000000000056e-01 -7.000000000000000666e-02
1.456899999999999977e+02 2.999999999999999889e-02 -1.199999999999999956e-01
1.462899999999999920e+02 1.000000000000000021e-02 -7.000000000000000666e-02
1.445399999999999920e+02 4.000000000000000083e-02 -5.000000000000000278e-02
1.465999999999999943e+02 0.000000000000000000e+00 -2.600000000000000089e-01
1.471399999999999864e+02 2.999999999999999889e-02 -2.300000000000000100e-01
1.465900000000000034e+02 1.000000000000000021e-02 -2.399999999999999911e-01
1.469900000000000091e+02 2.000000000000000042e-02 -2.200000000000000011e-01
1.464000000000000057e+02 5.999999999999999778e-02 -2.200000000000000011e-01
1.471699999999999875e+02 0.000000000000000000e+00 -2.099999999999999922e-01
1.466100000000000136e+02 2.999999999999999889e-02 -7.000000000000000666e-02
1.461500000000000057e+02 4.000000000000000083e-02 -8.999999999999999667e-02
1.465800000000000125e+02 4.000000000000000083e-02 -2.300000000000000100e-01
1.465000000000000000e+02 0.000000000000000000e+00 -1.300000000000000044e-01
