1.437400000000000091e+02 5.999999999999999778e-02 -2.899999999999999800e-01
1.429199999999999875e+02 2.000000000000000042e-02 -2.600000000000000089e-01
1.417100000000000080e+02 1.000000000000000021e-02 -2.700000000000000178e-01
1.420900000000000034e+02 2.000000000000000042e-02 -2.700000000000000178e-01
1.414600000000000080e+02 5.999999999999999778e-02 -2.700000000000000178e-01
1.403199999999999932e+02 1.000000000000000021e-02 -2.999999999999999889e-01
1.414199999999999875e+02 2.000000000000000042e-02 -2.700000000000000178e-01
1.412800000000000011e+02 8.999999999999999667e-02 -2.800000000000000266e-01
1.427400000000000091e+02 4.000000000000000083e-02 -2.800000000000000266e-01
1.436800000000000068e+02 1.000000000000000021e-02 -2.899999999999999800e-01
1.458499999999999943e+02 1.000000000000000021e-02 -2.899999999999999800e-01
1.433499999999999943e+02 2.999999999999999889e-02 -2.200000000000000011e-01
1.447599999999999909e+02 1.000000000000000021e-02 -2.700000000000000178e-01
1.412100000000000080e+02 2.300000000000000100e-01 -8.000000000000000167e-02
1.439900000000000091e+02 7.000000000000000666e-02 -2.099999999999999922e-01
1.449600000000000080e+02 1.000000000000000021e-02 -2.600000000000000089e-01
