Training done.
←[33maverage_length←[0m: 150.000
←[33mlength←[0m: 150.000
←[33maverage_return←[0m: 134.674
←[33maverage_rmse←[0m: 0.713
←[33mrmse←[0m: 0.713
←[33mrmse_std←[0m: 0.000
←[33mworst_case_rmse_at_0.5←[0m: 0.713
←[33mfailure_rate←[0m: 0.000
←[33maverage_constraint_violation←[0m: 0.000
←[33mconstraint_violation_std←[0m: 0.000
←[33mconstraint_violation←[0m: 0.000
Evaluation done.
lambdas
[[ 0.    0.  ]
 [33.    0.  ]
 [33.    0.  ]
 [33.    0.  ]
 [33.    0.  ]
 [33.    0.  ]
 [33.    0.  ]
 [33.    0.  ]
 [33.    0.  ]
 [33.    2.49]
 [33.    2.49]
 [33.    2.49]
 [33.    2.49]
 [33.    2.49]
 [33.    2.49]
 [33.    2.49]
 [33.    4.98]
 [33.    4.98]
 [33.    4.98]
 [33.    4.98]
 [33.    4.98]
 [33.    4.98]
 [33.    4.98]
 [33.    4.98]
 [33.    4.98]
 [33.    4.98]
 [33.    4.98]
 [33.    4.98]
 [33.    4.98]
 [33.    4.98]
 [37.    7.47]
 [37.    7.47]
 [37.    7.47]
 [37.    7.47]
 [37.    7.47]
 [37.    7.47]
 [37.    7.47]
 [37.    7.47]
 [37.    7.47]
 [37.    7.47]
 [37.    7.47]
 [37.    7.47]
 [37.    9.96]
 [37.   12.45]
 [37.   12.45]
 [50.   12.45]
 [50.   12.45]
 [58.   12.45]
 [63.   12.45]
 [63.   14.94]
 [63.   17.43]
 [63.   17.43]
 [63.   17.43]
 [63.   17.43]
 [63.   19.92]]
number of hard violations
[0.]
hard violation steps
[array([], dtype=int64)]
number of soft violations
[5.]
soft violation steps
[array([0, 1, 2, 3, 9], dtype=int64)]
scales used for training
[0.7304787415447453, 0.6314816378807006, 0.7049342466393447, 0.980852727142232, 0.6674582126202941, 0.5627608903313388, 0.5889533418915014, 0.4846708877302599, 0.7235716300720302, 0.8701704934937713, 0.6061059977679311, 0.7914114668902297, 0.719074649619867, 0.5207465424985129, 0.4809339316630372, 0.43911371720409287, 0.7307333199918453, 0.7342017572009751, 0.6446816994438154, 0.7282775041188353, 0.6694150482026207, 0.44914087381291556, 0.7424326047390967, 0.4336497401209696, 0.6507669686253841, 0.8938318017388367, 0.837777903925172, 0.9895434920801763, 0.4678369114839525, 0.4479986522364868, 0.451699697132652, 0.8876566812236188, 0.6773922450450518, 0.7640840965787632, 0.6749985381014643, 0.8674398112461463, 0.5375179530538265, 0.835643256550781, 0.720800038845141, 0.8994574777554969, 0.7008740086879963, 0.5723785782376974, 0.9019827023035858, 0.8867000789120627, 0.4340371558763815, 0.9649499119207771, 0.8561643443312272, 0.7608339609180005, 0.7964171419405273, 0.7541989600324939, 0.5088575411867932, 0.9055666462395751, 0.45825513353391156, 0.9052584081236565, 0.6012176879910499, 0.41917210846414893, 0.6037914677792392, 0.5406887136202336, 0.4173972129651289, 0.6579448859882799, 0.7102732866387638, 0.6528307095761273, 0.893518495338496]
←[33maverage_length←[0m: 150.000
←[33mlength←[0m: 150.000
←[33maverage_return←[0m: 146.496
←[33maverage_rmse←[0m: 0.400
←[33mrmse←[0m: 0.400
←[33mrmse_std←[0m: 0.000
←[33mworst_case_rmse_at_0.5←[0m: 0.400
←[33mfailure_rate←[0m: 0.000
←[33maverage_constraint_violation←[0m: 0.000
←[33mconstraint_violation_std←[0m: 0.000
←[33mconstraint_violation←[0m: 0.000
Evaluation done.
lambdas
[[ 0.    0.  ]
 [33.    0.  ]
 [33.    0.  ]
 [33.    0.  ]
 [33.    0.  ]
 [33.    0.  ]
 [33.    0.  ]
 [33.    0.  ]
 [33.    0.  ]
 [33.    2.49]
 [33.    2.49]
 [33.    2.49]
 [33.    2.49]
 [33.    2.49]
 [33.    2.49]
 [33.    2.49]
 [33.    4.98]
 [33.    4.98]
 [33.    4.98]
 [33.    4.98]
 [33.    4.98]
 [33.    4.98]
 [33.    4.98]
 [33.    4.98]
 [33.    4.98]
 [33.    4.98]
 [33.    4.98]
 [33.    4.98]
 [33.    4.98]
 [33.    4.98]
 [37.    7.47]
 [37.    7.47]
 [37.    7.47]
 [37.    7.47]
 [37.    7.47]
 [37.    7.47]
 [37.    7.47]
 [37.    7.47]
 [37.    7.47]
 [37.    7.47]
 [37.    7.47]
 [37.    7.47]
 [37.    9.96]
 [37.   12.45]
 [37.   12.45]
 [50.   12.45]
 [50.   12.45]
 [58.   12.45]
 [63.   12.45]
 [63.   14.94]
 [63.   17.43]
 [63.   17.43]
 [63.   17.43]
 [63.   17.43]
 [63.   19.92]]
number of hard violations
[0.]
hard violation steps
[array([], dtype=int64)]
number of soft violations
[3.]
soft violation steps
[array([0, 1, 2], dtype=int64)]
scales used for training
[0.7304787415447453, 0.6314816378807006, 0.7049342466393447, 0.980852727142232, 0.6674582126202941, 0.5627608903313388, 0.5889533418915014, 0.4846708877302599, 0.7235716300720302, 0.8701704934937713, 0.6061059977679311, 0.7914114668902297, 0.719074649619867, 0.5207465424985129, 0.4809339316630372, 0.43911371720409287, 0.7307333199918453, 0.7342017572009751, 0.6446816994438154, 0.7282775041188353, 0.6694150482026207, 0.44914087381291556, 0.7424326047390967, 0.4336497401209696, 0.6507669686253841, 0.8938318017388367, 0.837777903925172, 0.9895434920801763, 0.4678369114839525, 0.4479986522364868, 0.451699697132652, 0.8876566812236188, 0.6773922450450518, 0.7640840965787632, 0.6749985381014643, 0.8674398112461463, 0.5375179530538265, 0.835643256550781, 0.720800038845141, 0.8994574777554969, 0.7008740086879963, 0.5723785782376974, 0.9019827023035858, 0.8867000789120627, 0.4340371558763815, 0.9649499119207771, 0.8561643443312272, 0.7608339609180005, 0.7964171419405273, 0.7541989600324939, 0.5088575411867932, 0.9055666462395751, 0.45825513353391156, 0.9052584081236565, 0.6012176879910499, 0.41917210846414893, 0.6037914677792392, 0.5406887136202336, 0.4173972129651289, 0.6579448859882799, 0.7102732866387638, 0.6528307095761273, 0.893518495338496]
