1.452899999999999920e+02 1.000000000000000021e-02 -2.800000000000000266e-01
1.459000000000000057e+02 1.000000000000000021e-02 -2.999999999999999889e-01
1.460000000000000000e+02 1.000000000000000021e-02 -2.899999999999999800e-01
1.446599999999999966e+02 2.000000000000000042e-02 -2.899999999999999800e-01
1.446399999999999864e+02 4.000000000000000083e-02 -2.800000000000000266e-01
1.445399999999999920e+02 4.000000000000000083e-02 -1.700000000000000122e-01
1.462599999999999909e+02 2.999999999999999889e-02 -2.000000000000000111e-01
1.448899999999999864e+02 4.000000000000000083e-02 -1.700000000000000122e-01
1.454399999999999977e+02 0.000000000000000000e+00 -2.600000000000000089e-01
1.447700000000000102e+02 2.000000000000000042e-02 -2.600000000000000089e-01
1.462400000000000091e+02 2.999999999999999889e-02 -2.500000000000000000e-01
1.455800000000000125e+02 1.000000000000000021e-02 -2.899999999999999800e-01
1.456399999999999864e+02 2.000000000000000042e-02 -2.999999999999999889e-01
1.463499999999999943e+02 1.100000000000000006e-01 -2.899999999999999800e-01
1.468000000000000114e+02 1.000000000000000056e-01 -2.800000000000000266e-01
1.456999999999999886e+02 4.000000000000000083e-02 -2.800000000000000266e-01
1.459000000000000057e+02 2.999999999999999889e-02 -2.700000000000000178e-01
1.456800000000000068e+02 2.999999999999999889e-02 -2.500000000000000000e-01
1.457700000000000102e+02 2.999999999999999889e-02 -2.600000000000000089e-01
1.453899999999999864e+02 0.000000000000000000e+00 -2.500000000000000000e-01
1.460200000000000102e+02 0.000000000000000000e+00 -2.700000000000000178e-01
1.461500000000000057e+02 0.000000000000000000e+00 -1.799999999999999933e-01
1.459699999999999989e+02 0.000000000000000000e+00 -2.800000000000000266e-01
1.461299999999999955e+02 0.000000000000000000e+00 -2.300000000000000100e-01
1.454000000000000057e+02 0.000000000000000000e+00 -2.999999999999999889e-01
1.423899999999999864e+02 2.999999999999999889e-02 -7.000000000000000666e-02
