1.427100000000000080e+02 2.999999999999999889e-02 -1.199999999999999956e-01
1.445600000000000023e+02 1.000000000000000021e-02 -2.600000000000000089e-01
1.448799999999999955e+02 0.000000000000000000e+00 -2.800000000000000266e-01
1.456999999999999886e+02 2.000000000000000042e-02 -2.399999999999999911e-01
1.456500000000000057e+02 8.999999999999999667e-02 -2.099999999999999922e-01
1.453000000000000114e+02 1.000000000000000021e-02 -2.800000000000000266e-01
1.454799999999999898e+02 5.000000000000000278e-02 -2.800000000000000266e-01
1.454199999999999875e+02 2.000000000000000042e-02 -2.899999999999999800e-01
1.456999999999999886e+02 2.999999999999999889e-02 -2.999999999999999889e-01
1.458600000000000136e+02 4.000000000000000083e-02 -2.700000000000000178e-01
1.455200000000000102e+02 5.000000000000000278e-02 -2.899999999999999800e-01
1.434799999999999898e+02 2.000000000000000042e-02 -2.899999999999999800e-01
1.449900000000000091e+02 1.000000000000000021e-02 -2.999999999999999889e-01
1.449000000000000057e+02 2.999999999999999889e-02 -2.700000000000000178e-01
1.459300000000000068e+02 4.000000000000000083e-02 -2.899999999999999800e-01
1.460099999999999909e+02 2.999999999999999889e-02 -2.899999999999999800e-01
