1.456999999999999886e+02 1.000000000000000021e-02 -2.700000000000000178e-01
1.468300000000000125e+02 5.000000000000000278e-02 -2.600000000000000089e-01
1.462599999999999909e+02 2.000000000000000042e-02 -2.300000000000000100e-01
1.462899999999999920e+02 2.000000000000000042e-02 -2.500000000000000000e-01
1.463899999999999864e+02 0.000000000000000000e+00 -2.800000000000000266e-01
1.461299999999999955e+02 2.000000000000000042e-02 -2.700000000000000178e-01
1.445600000000000023e+02 5.000000000000000278e-02 -2.200000000000000011e-01
1.465900000000000034e+02 1.000000000000000021e-02 -2.600000000000000089e-01
1.444900000000000091e+02 4.000000000000000083e-02 -2.399999999999999911e-01
1.443300000000000125e+02 5.999999999999999778e-02 -1.600000000000000033e-01
1.462500000000000000e+02 2.999999999999999889e-02 -2.300000000000000100e-01
1.465300000000000011e+02 2.999999999999999889e-02 -2.500000000000000000e-01
1.441999999999999886e+02 8.000000000000000167e-02 -2.099999999999999922e-01
1.432800000000000011e+02 5.000000000000000278e-02 -2.099999999999999922e-01
1.461299999999999955e+02 2.999999999999999889e-02 -2.200000000000000011e-01
1.427100000000000080e+02 1.900000000000000022e-01 -1.700000000000000122e-01
