1.455600000000000023e+02 2.000000000000000042e-02 -2.700000000000000178e-01
1.454099999999999966e+02 5.000000000000000278e-02 -1.499999999999999944e-01
1.465200000000000102e+02 2.099999999999999922e-01 -2.200000000000000011e-01
1.459099999999999966e+02 2.200000000000000011e-01 -2.600000000000000089e-01
1.461200000000000045e+02 8.999999999999999667e-02 -2.899999999999999800e-01
1.465099999999999909e+02 2.000000000000000042e-02 -2.600000000000000089e-01
1.459499999999999886e+02 1.000000000000000021e-02 -2.999999999999999889e-01
1.462800000000000011e+02 1.000000000000000021e-02 -2.600000000000000089e-01
1.461800000000000068e+02 2.000000000000000042e-02 -2.800000000000000266e-01
1.463499999999999943e+02 4.000000000000000083e-02 -2.700000000000000178e-01
1.459600000000000080e+02 1.000000000000000021e-02 -2.300000000000000100e-01
1.461200000000000045e+02 2.999999999999999889e-02 -2.700000000000000178e-01
1.462299999999999898e+02 1.000000000000000021e-02 -2.800000000000000266e-01
1.457400000000000091e+02 1.000000000000000021e-02 -2.700000000000000178e-01
1.449799999999999898e+02 4.000000000000000083e-02 -2.600000000000000089e-01
1.431500000000000057e+02 2.000000000000000042e-02 -2.999999999999999889e-01
1.443700000000000045e+02 1.000000000000000021e-02 -2.899999999999999800e-01
1.454699999999999989e+02 2.000000000000000042e-02 -2.800000000000000266e-01
1.437599999999999909e+02 0.000000000000000000e+00 -2.999999999999999889e-01
1.436200000000000045e+02 0.000000000000000000e+00 -2.999999999999999889e-01
1.441200000000000045e+02 1.000000000000000021e-02 -2.999999999999999889e-01
1.450099999999999909e+02 5.000000000000000278e-02 -2.500000000000000000e-01
1.446999999999999886e+02 0.000000000000000000e+00 -2.999999999999999889e-01
1.426200000000000045e+02 5.000000000000000278e-02 -2.600000000000000089e-01
1.444300000000000068e+02 2.000000000000000042e-02 -2.800000000000000266e-01
1.435999999999999943e+02 2.000000000000000042e-02 -2.999999999999999889e-01
